[olcia.jpg]
filters=fill=1,0.364486;finetune2=1,0.076023,0.137544,0.000000,00000000,-0.052632;
moddate=155c6a3d8511d601
width=485
height=640
textactive=0
